O 500.133
-5500000
-5482422
-5464844
-5447266
-5429688
-5412109
-5394531
-5376953
-5359375
-5341797
-5324219
-5306641
-5289062
-5271484
-5253906
-5236328
-5218750
-5201172
-5183594
-5166016
-5148438
-5130859
-5113281
-5095703
-5078125
-5060547
-5042969
-5025391
-5007812
-4990234
-4972656
-4955078
-4937500
-4919922
-4902344
-4884766
-4867188
-4849609
-4832031
-4814453
-4796875
-4779297
-4761719
-4744141
-4726562
-4708984
-4691406
-4673828
-4656250
-4638672
-4621094
-4603516
-4585938
-4568359
-4550781
-4533203
-4515625
-4498047
-4480469
-4462891
-4445312
-4427734
-4410156
-4392578
-4375000
-4357422
-4339844
-4322266
-4304688
-4287109
-4269531
-4251953
-4234375
-4216797
-4199219
-4181641
-4164062
-4146484
-4128906
-4111328
-4093750
-4076172
-4058594
-4041016
-4023438
-4005859
-3988281
-3970703
-3953125
-3935547
-3917969
-3900391
-3882812
-3865234
-3847656
-3830078
-3812500
-3794922
-3777344
-3759766
-3742188
-3724609
-3707031
-3689453
-3671875
-3654297
-3636719
-3619141
-3601562
-3583984
-3566406
-3548828
-3531250
-3513672
-3496094
-3478516
-3460938
-3443359
-3425781
-3408203
-3390625
-3373047
-3355469
-3337891
-3320312
-3302734
-3285156
-3267578
-3250000
-3232422
-3214844
-3197266
-3179688
-3162109
-3144531
-3126953
-3109375
-3091797
-3074219
-3056641
-3039062
-3021484
-3003906
-2986328
-2968750
-2951172
-2933594
-2916016
-2898438
-2880859
-2863281
-2845703
-2828125
-2810547
-2792969
-2775391
-2757812
-2740234
-2722656
-2705078
-2687500
-2669922
-2652344
-2634766
-2617188
-2599609
-2582031
-2564453
-2546875
-2529297
-2511719
-2494141
-2476562
-2458984
-2441406
-2423828
-2406250
-2388672
-2371094
-2353516
-2335938
-2318359
-2300781
-2283203
-2265625
-2248047
-2230469
-2212891
-2195312
-2177734
-2160156
-2142578
-2125000
-2107422
-2089844
-2072266
-2054688
-2037109
-2019531
-2001953
-1984375
-1966797
-1949219
-1931641
-1914062
-1896484
-1878906
-1861328
-1843750
-1826172
-1808594
-1791016
-1773438
-1755859
-1738281
-1720703
-1703125
-1685547
-1667969
-1650391
-1632812
-1615234
-1597656
-1580078
-1562500
-1544922
-1527344
-1509766
-1492188
-1474609
-1457031
-1439453
-1421875
-1404297
-1386719
-1369141
-1351562
-1333984
-1316406
-1298828
-1281250
-1263672
-1246094
-1228516
-1210938
-1193359
-1175781
-1158203
-1140625
-1123047
-1105469
-1087891
-1070312
-1052734
-1035156
-1017578
-1000000
 -996086
 -992172
 -988258
 -984344
 -980431
 -976517
 -972603
 -968689
 -964775
 -960861
 -956947
 -953033
 -949119
 -945205
 -941292
 -937378
 -933464
 -929550
 -925636
 -921722
 -917808
 -913894
 -909980
 -906067
 -902153
 -898239
 -894325
 -890411
 -886497
 -882583
 -878669
 -874755
 -870841
 -866928
 -863014
 -859100
 -855186
 -851272
 -847358
 -843444
 -839530
 -835616
 -831703
 -827789
 -823875
 -819961
 -816047
 -812133
 -808219
 -804305
 -800391
 -796477
 -792564
 -788650
 -784736
 -780822
 -776908
 -772994
 -769080
 -765166
 -761252
 -757339
 -753425
 -749511
 -745597
 -741683
 -737769
 -733855
 -729941
 -726027
 -722114
 -718200
 -714286
 -710372
 -706458
 -702544
 -698630
 -694716
 -690802
 -686888
 -682975
 -679061
 -675147
 -671233
 -667319
 -663405
 -659491
 -655577
 -651663
 -647750
 -643836
 -639922
 -636008
 -632094
 -628180
 -624266
 -620352
 -616438
 -612524
 -608611
 -604697
 -600783
 -596869
 -592955
 -589041
 -585127
 -581213
 -577299
 -573386
 -569472
 -565558
 -561644
 -557730
 -553816
 -549902
 -545988
 -542074
 -538160
 -534247
 -530333
 -526419
 -522505
 -518591
 -514677
 -510763
 -506849
 -502935
 -499022
 -495108
 -491194
 -487280
 -483366
 -479452
 -475538
 -471624
 -467710
 -463796
 -459883
 -455969
 -452055
 -448141
 -444227
 -440313
 -436399
 -432485
 -428571
 -424658
 -420744
 -416830
 -412916
 -409002
 -405088
 -401174
 -397260
 -393346
 -389432
 -385519
 -381605
 -377691
 -373777
 -369863
 -365949
 -362035
 -358121
 -354207
 -350294
 -346380
 -342466
 -338552
 -334638
 -330724
 -326810
 -322896
 -318982
 -315068
 -311155
 -307241
 -303327
 -299413
 -295499
 -291585
 -287671
 -283757
 -279843
 -275930
 -272016
 -268102
 -264188
 -260274
 -256360
 -252446
 -248532
 -244618
 -240705
 -236791
 -232877
 -228963
 -225049
 -221135
 -217221
 -213307
 -209393
 -205479
 -201566
 -197652
 -193738
 -189824
 -185910
 -181996
 -178082
 -174168
 -170254
 -166341
 -162427
 -158513
 -154599
 -150685
 -146771
 -142857
 -138943
 -135029
 -131115
 -127202
 -123288
 -119374
 -115460
 -111546
 -107632
 -103718
  -99804
  -95890
  -91977
  -88063
  -84149
  -80235
  -76321
  -72407
  -68493
  -64579
  -60665
  -56751
  -52838
  -48924
  -45010
  -41096
  -37182
  -33268
  -29354
  -25440
  -21526
  -17613
  -13699
   -9785
   -5871
   -1957
    1957
    5871
    9785
   13699
   17613
   21526
   25440
   29354
   33268
   37182
   41096
   45010
   48924
   52838
   56751
   60665
   64579
   68493
   72407
   76321
   80235
   84149
   88063
   91977
   95890
   99804
  103718
  107632
  111546
  115460
  119374
  123288
  127202
  131115
  135029
  138943
  142857
  146771
  150685
  154599
  158513
  162427
  166341
  170254
  174168
  178082
  181996
  185910
  189824
  193738
  197652
  201566
  205479
  209393
  213307
  217221
  221135
  225049
  228963
  232877
  236791
  240705
  244618
  248532
  252446
  256360
  260274
  264188
  268102
  272016
  275930
  279843
  283757
  287671
  291585
  295499
  299413
  303327
  307241
  311155
  315068
  318982
  322896
  326810
  330724
  334638
  338552
  342466
  346380
  350294
  354207
  358121
  362035
  365949
  369863
  373777
  377691
  381605
  385519
  389432
  393346
  397260
  401174
  405088
  409002
  412916
  416830
  420744
  424658
  428571
  432485
  436399
  440313
  444227
  448141
  452055
  455969
  459883
  463796
  467710
  471624
  475538
  479452
  483366
  487280
  491194
  495108
  499022
  502935
  506849
  510763
  514677
  518591
  522505
  526419
  530333
  534247
  538160
  542074
  545988
  549902
  553816
  557730
  561644
  565558
  569472
  573386
  577299
  581213
  585127
  589041
  592955
  596869
  600783
  604697
  608611
  612524
  616438
  620352
  624266
  628180
  632094
  636008
  639922
  643836
  647750
  651663
  655577
  659491
  663405
  667319
  671233
  675147
  679061
  682975
  686888
  690802
  694716
  698630
  702544
  706458
  710372
  714286
  718200
  722114
  726027
  729941
  733855
  737769
  741683
  745597
  749511
  753425
  757339
  761252
  765166
  769080
  772994
  776908
  780822
  784736
  788650
  792564
  796477
  800391
  804305
  808219
  812133
  816047
  819961
  823875
  827789
  831703
  835616
  839530
  843444
  847358
  851272
  855186
  859100
  863014
  866928
  870841
  874755
  878669
  882583
  886497
  890411
  894325
  898239
  902153
  906067
  909980
  913894
  917808
  921722
  925636
  929550
  933464
  937378
  941292
  945205
  949119
  953033
  956947
  960861
  964775
  968689
  972603
  976517
  980431
  984344
  988258
  992172
  996086
 1000000
 1017578
 1035156
 1052734
 1070312
 1087891
 1105469
 1123047
 1140625
 1158203
 1175781
 1193359
 1210937
 1228516
 1246094
 1263672
 1281250
 1298828
 1316406
 1333984
 1351562
 1369141
 1386719
 1404297
 1421875
 1439453
 1457031
 1474609
 1492187
 1509766
 1527344
 1544922
 1562500
 1580078
 1597656
 1615234
 1632812
 1650391
 1667969
 1685547
 1703125
 1720703
 1738281
 1755859
 1773437
 1791016
 1808594
 1826172
 1843750
 1861328
 1878906
 1896484
 1914062
 1931641
 1949219
 1966797
 1984375
 2001953
 2019531
 2037109
 2054687
 2072266
 2089844
 2107422
 2125000
 2142578
 2160156
 2177734
 2195312
 2212891
 2230469
 2248047
 2265625
 2283203
 2300781
 2318359
 2335937
 2353516
 2371094
 2388672
 2406250
 2423828
 2441406
 2458984
 2476562
 2494141
 2511719
 2529297
 2546875
 2564453
 2582031
 2599609
 2617187
 2634766
 2652344
 2669922
 2687500
 2705078
 2722656
 2740234
 2757812
 2775391
 2792969
 2810547
 2828125
 2845703
 2863281
 2880859
 2898437
 2916016
 2933594
 2951172
 2968750
 2986328
 3003906
 3021484
 3039062
 3056641
 3074219
 3091797
 3109375
 3126953
 3144531
 3162109
 3179687
 3197266
 3214844
 3232422
 3250000
 3267578
 3285156
 3302734
 3320312
 3337891
 3355469
 3373047
 3390625
 3408203
 3425781
 3443359
 3460937
 3478516
 3496094
 3513672
 3531250
 3548828
 3566406
 3583984
 3601562
 3619141
 3636719
 3654297
 3671875
 3689453
 3707031
 3724609
 3742187
 3759766
 3777344
 3794922
 3812500
 3830078
 3847656
 3865234
 3882812
 3900391
 3917969
 3935547
 3953125
 3970703
 3988281
 4005859
 4023437
 4041016
 4058594
 4076172
 4093750
 4111328
 4128906
 4146484
 4164062
 4181641
 4199219
 4216797
 4234375
 4251953
 4269531
 4287109
 4304687
 4322266
 4339844
 4357422
 4375000
 4392578
 4410156
 4427734
 4445312
 4462891
 4480469
 4498047
 4515625
 4533203
 4550781
 4568359
 4585937
 4603516
 4621094
 4638672
 4656250
 4673828
 4691406
 4708984
 4726562
 4744141
 4761719
 4779297
 4796875
 4814453
 4832031
 4849609
 4867187
 4884766
 4902344
 4919922
 4937500
 4955078
 4972656
 4990234
 5007812
 5025391
 5042969
 5060547
 5078125
 5095703
 5113281
 5130859
 5148437
 5166016
 5183594
 5201172
 5218750
 5236328
 5253906
 5271484
 5289062
 5306641
 5324219
 5341797
 5359375
 5376953
 5394531
 5412109
 5429687
 5447266
 5464844
 5482422
 5500000
